1715670807.964414 -0.088629942 0.088451394 -0.072120944 0.999684184 0.015265318 0.006645906 -0.018823743
1715670808.031415 -0.490061492 0.378058509 -0.046960810 0.999711707 -0.001052216 -0.010052361 -0.021779487
1715670808.098444 -0.608710196 0.458683637 -0.143085851 0.999633116 0.007489871 -0.011748652 -0.023227237
1715670808.299382 -0.042249314 0.631178476 -0.133205147 0.999702566 -0.002600022 0.002893685 -0.024075839
1715670808.433292 -0.039727486 0.677096393 -0.157696212 0.999720075 0.001183025 0.000483669 -0.023624960
1715670808.500332 0.009089681 0.693263959 -0.187387291 0.999721071 -0.000011195 -0.000100417 -0.023617156
1715670808.701417 -0.217750216 0.574298700 -0.046845247 0.999677889 0.007754718 -0.003561464 -0.023901849
1715670808.768342 -0.301093332 0.245062522 0.019659692 0.999682332 0.004398312 -0.007911508 -0.023522269
1715670808.835204 -0.357452625 0.208659216 0.039431371 0.999642990 0.005105667 -0.010748448 -0.023922719
1715670808.902192 -0.392204956 0.188115841 0.058960249 0.999603460 0.004719171 -0.012526937 -0.024773538
1715670809.036204 -0.093358349 0.460050983 -0.010949624 0.999672855 0.002797759 -0.008849835 -0.023833494
1715670809.103227 -0.403395504 0.171778913 0.054473361 0.999591520 0.004320598 -0.013539471 -0.024795309
1715670809.237198 0.045474907 0.849456675 -0.029650581 0.999582092 0.006534298 -0.010904647 -0.025962147
1715670809.304250 -0.205597082 0.855854342 -0.056378414 0.999403542 0.013503719 -0.017317624 -0.026651643
1715670809.438255 -0.356953668 0.651314137 -0.065678098 0.999349617 0.015568931 -0.017627565 -0.027335341
1715670809.505062 -0.389126360 0.253712979 0.028710397 0.999490801 0.003060525 -0.017125373 -0.026748726
1715670809.639117 -0.163592999 0.100807947 0.055660650 0.999373538 -0.002642530 -0.024763901 -0.025145529
1715670809.706095 -0.237725080 0.157476522 0.028606994 0.999499562 0.002359059 -0.019800621 -0.024555972
1715670809.840166 -0.267530171 0.167029355 0.012749182 0.999476102 0.002910139 -0.019753631 -0.025472462
1715670809.907073 -0.255612121 0.123268368 0.000116918 0.999432189 0.001913001 -0.020884854 -0.026371649
1715670810.041076 -0.268528107 0.114457551 0.007892899 0.999427550 0.001782705 -0.020575559 -0.026796269
1715670810.107945 -0.249844070 0.111609038 0.003824740 0.999410567 0.001938136 -0.021132142 -0.026985090
1715670810.241838 -0.277523906 0.146547412 0.004321529 0.999433509 0.002799202 -0.019854644 -0.027029949
1715670810.308975 -0.235954569 0.125925852 0.000530469 0.999409337 0.002284052 -0.021034803 -0.027079452
1715670810.443137 -0.387914434 0.229158691 0.014353720 0.999478463 0.002444231 -0.017299637 -0.027157868
1715670810.509977 -0.378432071 0.275125382 0.001796134 0.999456352 0.003404398 -0.017829246 -0.027523245
1715670810.643951 -0.350288326 0.273911450 0.000353359 0.999441088 0.002686340 -0.018633591 -0.027624000
1715670810.710855 -0.380713674 0.282509820 0.008290729 0.999460944 0.002581762 -0.017605188 -0.027590099
1715670810.844723 -0.380635870 0.256786991 0.016872205 0.999458528 0.001597710 -0.017580708 -0.027767201
1715670810.911865 -0.389607726 0.280701672 0.015852035 0.999466129 0.001987484 -0.017187967 -0.027714269
1715670811.045841 -0.380617884 0.263874127 0.013442805 0.999459239 0.001437030 -0.017455410 -0.027829371
1715670811.112846 -0.358472333 0.303411926 0.000420189 0.999454845 0.002226872 -0.017803846 -0.027714194
1715670811.246899 -0.383517005 0.262475292 0.017043909 0.999467512 0.000948594 -0.017166625 -0.027732639
1715670811.313747 -0.324814648 0.329812747 -0.012847103 0.999436412 0.002309883 -0.018567154 -0.027870842
1715670811.447588 -0.366595349 0.274811814 0.014233325 0.999463121 0.000697976 -0.017369687 -0.027771869
1715670811.514729 -0.342141779 0.329985620 -0.005027930 0.999448341 0.001805066 -0.017891274 -0.027922352
1715670811.648801 -0.378367548 0.269015175 0.018048475 0.999466160 0.000182058 -0.017033188 -0.027878899
1715670811.715750 -0.323044009 0.370882952 -0.020034135 0.999438222 0.002414635 -0.018176709 -0.028053811
1715670811.849757 -0.375761728 0.280409605 0.010370749 0.999464296 0.000195997 -0.016978524 -0.027978771
1715670811.916643 -0.332209961 0.341662107 -0.012417272 0.999449905 0.001411179 -0.017717015 -0.028000074
1715670812.050517 -0.370251958 0.274039483 0.011477590 0.999464523 -0.000222485 -0.016921193 -0.028005199
1715670812.117618 -0.329310981 0.344302431 -0.011161891 0.999450415 0.000968118 -0.017686210 -0.028020151
1715670812.251653 -0.361216211 0.289113962 0.012232819 0.999463229 -0.000294902 -0.016992337 -0.028007642
1715670812.318630 -0.317885332 0.380548121 -0.014731871 0.999449287 0.001130366 -0.017805361 -0.027978814
1715670812.452643 -0.353118978 0.289627527 0.009101153 0.999459845 -0.000618169 -0.017067566 -0.028077281
1715670812.519650 -0.319385795 0.383699980 -0.013985025 0.999456123 0.000819656 -0.017531609 -0.027918274
1715670812.653394 -0.361408182 0.283028017 0.010661147 0.999464042 -0.001031154 -0.016807391 -0.028072704
1715670812.720520 -0.315704345 0.368341560 -0.014356021 0.999454346 0.000362386 -0.017499322 -0.028011649
1715670812.854489 -0.367337346 0.285094626 0.013350179 0.999467313 -0.001302287 -0.016669060 -0.028027445
1715670812.921501 -0.277192243 0.424547939 -0.033654104 0.999436160 0.001125108 -0.018150019 -0.028225415
1715670813.055501 -0.362256327 0.295446141 0.012285672 0.999469846 -0.001411886 -0.016539478 -0.028008570
1715670813.122527 -0.282686637 0.451165411 -0.033395078 0.999446332 0.000940753 -0.017846487 -0.028065038
1715670813.256404 -0.354239735 0.287461489 0.009147453 0.999465892 -0.001840994 -0.016601392 -0.028087983
1715670813.323358 -0.276370607 0.398694287 -0.029812238 0.999443206 -0.000054578 -0.017813166 -0.028212862
1715670813.457426 -0.353369384 0.283960807 0.008443459 0.999465855 -0.002069794 -0.016541284 -0.028108842
1715670813.524408 -0.275069145 0.414828375 -0.029916187 0.999444582 -0.000090783 -0.017711979 -0.028227738
1715670813.725408 -0.372936838 0.267252587 0.019940788 0.999469214 -0.002590836 -0.016245313 -0.028118802
1715670813.859322 -0.377566247 0.279405726 0.019640626 0.999471890 -0.002438848 -0.016196900 -0.028065173
1715670813.926170 -0.253523127 0.469122220 -0.040518893 0.999439745 0.000245567 -0.018009566 -0.028209764
1715670813.993311 -0.184364157 0.678518367 -0.091898279 0.999423788 0.002957446 -0.018959994 -0.027997582
1715670814.060340 -0.196333833 0.674162902 -0.087834134 0.999434931 0.002105472 -0.018726582 -0.027833451
1715670814.127254 -0.183760802 0.682455021 -0.094238196 0.999425910 0.001833828 -0.018839535 -0.028099086
1715670814.261408 -0.274523767 0.615760443 -0.059155170 0.999449577 0.000504829 -0.017436907 -0.028217759
1715670814.328349 -0.184659981 0.689571983 -0.094875395 0.999428959 0.000748903 -0.018576561 -0.028215347
1715670814.462209 -0.276363347 0.624811206 -0.062779597 0.999439528 -0.000013638 -0.017379072 -0.028611142
1715670814.529119 -0.191220695 0.700108666 -0.096788634 0.999425639 0.000209181 -0.018328094 -0.028503160
1715670814.663188 -0.293252988 0.630415249 -0.057116984 0.999445661 -0.000900975 -0.016856668 -0.028695140
1715670814.730260 -0.200441992 0.703428986 -0.092231946 0.999424304 -0.000518149 -0.018023432 -0.028739327
1715670814.864189 -0.304191140 0.635289135 -0.057232785 0.999437568 -0.001635677 -0.016617891 -0.029081217
1715670814.931151 -0.205697054 0.720239190 -0.090510133 0.999416743 -0.001238636 -0.017733638 -0.029157476
1715670815.065138 -0.316533103 0.645582849 -0.056409927 0.999417144 -0.002146581 -0.016461296 -0.029829361
1715670815.131907 -0.215067308 0.738915251 -0.089976540 0.999395299 -0.001510642 -0.017464281 -0.030029191
1715670815.333071 -0.387805637 0.606621268 -0.042457533 0.999391529 -0.003442445 -0.015477044 -0.031067396
1715670815.400174 -0.238781816 0.776852246 -0.088574473 0.999359937 -0.002535382 -0.016930233 -0.031411077
1715670815.467023 -0.272968488 0.775418891 -0.084737356 0.999349020 -0.003070817 -0.016539388 -0.031914795
1715670815.534073 -0.274287581 0.804144120 -0.086740103 0.999326972 -0.003233656 -0.016379506 -0.032662795
1715670815.667954 -0.480428850 0.592679602 -0.083620814 0.999255382 -0.006622249 -0.014689635 -0.035057691
1715670815.734821 -0.443245113 0.357048164 -0.053282769 0.999200975 -0.008538063 -0.014465668 -0.036266488
1715670815.935932 -0.532032198 0.405438362 -0.061687731 0.998982405 -0.010521368 -0.012614938 -0.042003798
1715670816.003021 -0.587437922 0.434119418 -0.071046123 0.998890009 -0.011620179 -0.012026420 -0.044035069
1715670816.070011 -0.641772792 0.444473143 -0.075624877 0.998766769 -0.013414389 -0.011250953 -0.046458713
1715670816.136971 -0.693755410 0.470098315 -0.071046170 0.998618507 -0.014995823 -0.011667298 -0.048990576
1715670816.270882 -0.825250321 0.535633951 -0.067776230 0.998090085 -0.018710895 -0.014985588 -0.056934315
1715670816.337837 -0.893581546 0.586888049 -0.066160921 0.997733031 -0.019698383 -0.016120587 -0.062296858
1715670816.471800 -0.998329565 0.658252654 -0.079608327 0.996828453 -0.019506904 -0.018160669 -0.074984704
1715670816.538857 -1.034702552 0.668683297 -0.095610232 0.996267433 -0.019209553 -0.020821192 -0.081539394
1715670816.672817 -1.126735859 0.717385417 -0.125530042 0.995216305 -0.016075529 -0.023597311 -0.093430460
1715670816.739810 -1.147531402 0.734718588 -0.167456116 0.994844981 -0.013980251 -0.024065586 -0.097513401
1715670816.873715 -1.186641966 0.774388177 -0.235409464 0.994138018 -0.010897215 -0.025090977 -0.104600647
1715670816.940707 -1.213789179 0.791289065 -0.245114421 0.993854627 -0.009992439 -0.025284402 -0.107302523
1715670817.074705 -1.177354056 0.858014320 -0.331056599 0.993416433 -0.008618382 -0.023737677 -0.111740933
1715670817.141687 -1.166669379 0.909584347 -0.341523801 0.993227424 -0.008761167 -0.023194962 -0.113510002
1715670817.275688 -1.243704253 0.987364226 -0.347826723 0.992625831 -0.009824085 -0.021968002 -0.118805954
1715670817.342736 -1.275336501 1.015218439 -0.356755925 0.992328381 -0.010308829 -0.021190683 -0.121363369
1715670817.476568 -1.376287733 1.105373314 -0.355423710 0.991622902 -0.010435266 -0.019566299 -0.127248908
1715670817.543576 -1.415132272 1.136479688 -0.367140617 0.991204904 -0.011455524 -0.018798405 -0.130492260
1715670817.677574 -1.528774419 1.225593748 -0.371273242 0.990420209 -0.012594166 -0.018893423 -0.136206589
1715670817.744591 -1.572942693 1.254424452 -0.379873603 0.990071152 -0.013777130 -0.018280605 -0.138690752
1715670817.878603 -1.709342420 1.343651768 -0.383004357 0.989325924 -0.016532125 -0.018608558 -0.143577944
1715670817.945573 -1.755678108 1.377768088 -0.391085556 0.989001929 -0.017934562 -0.018924957 -0.145586338
1715670818.079446 -1.883131680 1.468120956 -0.375837064 0.988220047 -0.018151084 -0.017257296 -0.150976362
1715670818.146494 -1.925152226 1.499498218 -0.376240215 0.987818221 -0.018827316 -0.015426272 -0.153696862
1715670818.280501 -2.058677295 1.568773319 -0.354440340 0.987265823 -0.018791905 -0.014554281 -0.157293457
1715670818.347462 -2.114188999 1.598817783 -0.350346305 0.987201670 -0.019846387 -0.012349866 -0.157754445
1715670818.481458 -2.264421251 1.649432334 -0.327367707 0.987470554 -0.020799353 -0.009909482 -0.156112440
1715670818.548461 -2.333881885 1.689131750 -0.329434890 0.987656047 -0.022386312 -0.008337634 -0.154805913
1715670818.682459 -2.463034062 1.751344106 -0.333809713 0.987954019 -0.023185513 -0.007659526 -0.152809098
1715670818.749413 -2.517193195 1.783217086 -0.327842709 0.987952885 -0.023170358 -0.005356975 -0.152916759
1715670818.883371 -2.640346622 1.842644944 -0.323338661 0.987916318 -0.022184453 -0.003413168 -0.153354324
1715670818.950380 -2.705774891 1.873773116 -0.319360871 0.987885660 -0.021376028 -0.001540473 -0.153696505
1715670819.084389 -2.853566680 1.939402413 -0.323448714 0.987859088 -0.018490041 -0.000344432 -0.154247926
1715670819.151393 -2.916549667 1.967794209 -0.318360253 0.987848827 -0.016849222 0.001161585 -0.154497408
1715670819.419225 -3.181242481 2.076261516 -0.304580608 0.987681835 -0.005751374 0.001483387 -0.156362765
1715670819.486205 -3.259666653 2.100358862 -0.289744401 0.987536594 -0.003485489 0.003137967 -0.157319672
1715670819.620252 -3.408522317 2.155365093 -0.274325610 0.987360745 0.002904138 0.003352995 -0.158426902
1715670819.687225 -3.473194206 2.181926037 -0.271511472 0.987312372 0.005246753 0.004028169 -0.158652214
1715670819.754277 -3.543694988 2.193988894 -0.260026861 0.987326185 0.006892272 0.004400191 -0.158493340
1715670819.888330 -3.680580246 2.256936154 -0.264928480 0.987348655 0.008755895 0.004435676 -0.158260205
1715670819.955117 -3.746968156 2.288194658 -0.270516060 0.987372843 0.008943315 0.003878689 -0.158113384
1715670820.088976 -3.890541051 2.338237492 -0.270623554 0.987417298 0.009901627 0.003624544 -0.157784346
1715670820.156118 -3.962335157 2.369222997 -0.277879673 0.987416491 0.010617526 0.003481165 -0.157746072
1715670820.223136 -4.030965188 2.396514909 -0.285968211 0.987416922 0.011027123 0.002557529 -0.157732949
1715670820.290207 -4.098111548 2.420103759 -0.291305785 0.987399920 0.011920827 0.001895694 -0.157783704
1715670820.357111 -4.145676475 2.423350958 -0.294243480 0.987351794 0.013653865 0.002177794 -0.157940695
1715670820.491113 -4.276150790 2.471898795 -0.299358378 0.987288980 0.015483981 0.002435829 -0.158160624
1715670820.558045 -4.336310079 2.490597238 -0.305875765 0.987295347 0.016380879 0.001653679 -0.158040597
1715670820.691870 -4.438756157 2.506538795 -0.308748244 0.987384461 0.018205745 0.000640898 -0.157289751
1715670820.759002 -4.503456964 2.531862411 -0.316204816 0.987416181 0.018882477 -0.000315389 -0.157011586
1715670820.893051 -4.638294996 2.589082072 -0.322535475 0.987434909 0.019124455 -0.002158349 -0.156849921
1715670820.960053 -4.705319004 2.621129751 -0.321982739 0.987384503 0.019551837 -0.002471800 -0.157109705
1715670821.094002 -4.831234525 2.664808660 -0.314345465 0.987315675 0.020109468 -0.003441927 -0.157453229
1715670821.161011 -4.905588002 2.696482980 -0.311030467 0.987253299 0.020405705 -0.003055966 -0.157813789
1715670821.294755 -5.053375227 2.758713029 -0.299488517 0.987288480 0.019601938 0.000343329 -0.157724774
1715670821.361882 -5.111042644 2.777082024 -0.295101051 0.987427199 0.019103182 0.001366112 -0.156909938
1715670821.495924 -5.241006700 2.828326363 -0.296679748 0.987763216 0.017488192 0.001565342 -0.154969489
1715670821.562888 -5.313128192 2.862461522 -0.293582480 0.987812935 0.017396229 0.002281247 -0.154653715
1715670821.697002 -5.458005526 2.932529971 -0.298006272 0.987558626 0.019385367 0.002108093 -0.156037574
1715670821.763920 -5.527580145 2.968824056 -0.300712029 0.987286682 0.021704998 0.001133298 -0.157456713
1715670821.897702 -5.676037275 3.045556704 -0.303918075 0.986514908 0.029691779 -0.000493655 -0.160954932
1715670821.964819 -5.751054042 3.079338562 -0.301638995 0.986076829 0.033746696 -0.001431926 -0.162823826
1715670822.098789 -5.913959991 3.151820787 -0.306831839 0.985407833 0.039852329 -0.003553857 -0.165440518
1715670822.165783 -5.999145870 3.184729110 -0.315117693 0.985210499 0.042991629 -0.005777537 -0.165766744
1715670822.366817 -6.248505557 3.287546403 -0.330798781 0.985305814 0.041810989 -0.008257601 -0.165396813
1715670822.433762 -6.332217434 3.318766385 -0.327717562 0.985409916 0.040622388 -0.007699525 -0.165099474
1715670822.500690 -6.399021170 3.345334218 -0.316193056 0.985516014 0.040014485 -0.007081120 -0.164641685
1715670822.567549 -6.478061431 3.377671867 -0.307994960 0.985648001 0.039497406 -0.005569811 -0.164033382
1715670822.701645 -6.635983039 3.439629060 -0.303441247 0.985934445 0.038659582 -0.003839852 -0.162554491
1715670822.768668 -6.736253317 3.477738041 -0.306141665 0.986040778 0.038226779 -0.004789165 -0.161985681
1715670822.902794 -6.901186153 3.542351662 -0.310297548 0.986092171 0.038914493 -0.006025901 -0.161466965
1715670822.969760 -6.967751942 3.571547642 -0.312806142 0.986101737 0.039003958 -0.005627630 -0.161401315
1715670823.103573 -7.139556079 3.640864894 -0.326916674 0.986117652 0.038395386 -0.006561846 -0.161414721
1715670823.170449 -7.204251665 3.667788129 -0.327444781 0.986160743 0.037864815 -0.006385237 -0.161283827
1715670823.304552 -7.378233420 3.737893423 -0.325889592 0.986242813 0.037281701 -0.004709961 -0.160975172
1715670823.371554 -7.460498548 3.768371894 -0.325550641 0.986332346 0.037194178 -0.003667649 -0.160473188
1715670823.505580 -7.629631031 3.826900248 -0.316615130 0.986421149 0.038488740 -0.002242552 -0.159646184
1715670823.572505 -7.712193586 3.858815365 -0.312843086 0.986341805 0.039698032 -0.001733877 -0.159846500
1715670823.706462 -7.875817527 3.921289082 -0.308103625 0.986118614 0.040602624 -0.000071552 -0.161001557
1715670823.773285 -7.959996610 3.954748157 -0.308360989 0.986035151 0.040552758 0.000215954 -0.161524330
1715670823.907423 -8.125300921 4.021157080 -0.307056298 0.985977392 0.040788374 0.001649786 -0.161809053
1715670823.974442 -8.202889984 4.054777069 -0.308208603 0.985969228 0.040925525 0.001493137 -0.161825688
1715670824.108438 -8.348781084 4.119010979 -0.318843245 0.985867261 0.041844080 0.000582660 -0.162217377
1715670824.175427 -8.427908894 4.156674038 -0.322588677 0.985776309 0.041945430 -0.000745815 -0.162742413
1715670824.309296 -8.594982890 4.235574413 -0.335171628 0.985520879 0.042335485 -0.002961990 -0.164157030
1715670824.376186 -8.654595335 4.259950883 -0.345659435 0.985439247 0.043284242 -0.003633534 -0.164386017
1715670824.510322 -8.833973230 4.336956393 -0.357917039 0.985381944 0.043822661 -0.007034291 -0.164476495
1715670824.577308 -8.922534703 4.372163668 -0.360481976 0.985367965 0.043424495 -0.007147811 -0.164660850
1715670824.711339 -9.082882016 4.436164577 -0.359243067 0.985283547 0.044840248 -0.006019065 -0.164831596
1715670824.778358 -9.169691371 4.475318440 -0.354664241 0.985211754 0.045684207 -0.006015657 -0.165028983
1715670824.912193 -9.338713919 4.543096348 -0.344678271 0.985144733 0.045232310 -0.004770331 -0.165593290
1715670824.979134 -9.428329035 4.581497307 -0.343953080 0.985171294 0.044716649 -0.003850111 -0.165599273
1715670825.180194 -9.653565492 4.672789679 -0.338959367 0.985606613 0.040388164 -0.001855526 -0.164149192
1715670825.247192 -9.736328955 4.709792982 -0.337628460 0.985784064 0.038439390 -0.000120055 -0.163560928
1715670825.314199 -9.818595885 4.741940879 -0.336578902 0.985926631 0.036482088 0.001039611 -0.163146114
1715670825.381198 -9.899766843 4.776437842 -0.338415900 0.986011970 0.035710957 0.001199051 -0.162799526
1715670825.515102 -10.058132865 4.849026106 -0.334085463 0.985838711 0.036204159 0.002250197 -0.163726088
1715670825.582060 -10.107390077 4.871999267 -0.332220760 0.985670837 0.036805873 0.002714826 -0.164593313
1715670825.716074 -10.263028398 4.942504028 -0.330316621 0.985235528 0.040004595 0.001719225 -0.166456091
1715670825.783078 -10.305598707 4.962598278 -0.326726531 0.985026157 0.041852786 0.001670112 -0.167239426
1715670825.917078 -10.473438821 5.032489143 -0.321300614 0.984776498 0.044177053 0.001711105 -0.168109216
1715670825.984134 -10.559264983 5.067522557 -0.318121843 0.984741129 0.044445038 0.001927912 -0.168243366
1715670826.118006 -10.736134285 5.140990309 -0.319264390 0.984801414 0.044562319 0.002236307 -0.167855217
1715670826.184992 -10.823309472 5.178701977 -0.322653842 0.984803633 0.044645647 0.002136714 -0.167821351
1715670826.318971 -10.996912819 5.253697388 -0.323927602 0.984715301 0.044288817 0.002050757 -0.168434172
1715670826.385994 -11.085538537 5.289243943 -0.328715609 0.984713671 0.044034374 0.002010988 -0.168510876
1715670826.519964 -11.258257654 5.360081335 -0.339237859 0.984739113 0.044275511 0.000459600 -0.168310272
1715670826.586965 -11.337458324 5.395606590 -0.344156427 0.984666666 0.044014604 -0.001084069 -0.168798984
1715670826.720881 -11.473140876 5.461586645 -0.350185091 0.984216607 0.045086818 -0.001299599 -0.171123230
1715670826.787949 -11.550398285 5.498098868 -0.350257197 0.984017871 0.045618347 -0.001474217 -0.172120953
1715670826.921891 -11.707910872 5.565854124 -0.343971000 0.983842758 0.046745596 -0.001234749 -0.172819997
1715670826.988868 -11.787795810 5.593526692 -0.346148161 0.983860702 0.046923267 -0.000795011 -0.172672213
1715670827.122880 -11.955591670 5.655227851 -0.345540532 0.984083896 0.045808608 -0.000258068 -0.171698547
1715670827.189899 -12.041662228 5.686949198 -0.347888397 0.984254867 0.044594499 0.000437250 -0.171036537
1715670827.323725 -12.181096788 5.741114045 -0.360344905 0.984729313 0.039694238 0.000740519 -0.169505162
1715670827.390831 -12.268275848 5.779427660 -0.367351889 0.985020236 0.036298462 0.001022161 -0.168571978
1715670827.524730 -12.432794678 5.852771715 -0.379912057 0.985457643 0.030143491 0.001758690 -0.167216958
1715670827.591849 -12.516982209 5.895018403 -0.382440642 0.985564628 0.027641141 0.001942596 -0.167016640
1715670827.725837 -12.668668675 5.969425524 -0.383494374 0.985483113 0.025818347 0.002598112 -0.167778712
1715670827.792735 -12.748944154 6.009231650 -0.384501255 0.985359310 0.026080994 0.002263585 -0.168468654
1715670827.926734 -12.911626513 6.076193588 -0.388879846 0.985105601 0.027034032 0.001851909 -0.169801903
1715670827.993659 -12.997970325 6.108580117 -0.391428782 0.985037741 0.027755068 0.001255530 -0.170084476
1715670828.127669 -13.168849500 6.169342414 -0.402132478 0.985023979 0.028965693 -0.000539554 -0.169966048
1715670828.194607 -13.247132293 6.190899434 -0.414149041 0.985036324 0.029430375 -0.001408933 -0.169809626
1715670828.328729 -13.417731160 6.252424512 -0.428197050 0.985077438 0.030428114 -0.003410384 -0.169366292
1715670828.395723 -13.499818276 6.283327293 -0.429893785 0.985106094 0.030588750 -0.003881553 -0.169160413
1715670828.529722 -13.637110142 6.336551398 -0.428000784 0.985029556 0.030788414 -0.003148530 -0.169584592
1715670828.596527 -13.712314876 6.371140718 -0.427221684 0.984975934 0.031162953 -0.002567093 -0.169837243
1715670828.730479 -13.861229663 6.440417868 -0.427730515 0.984764666 0.031480694 -0.003172416 -0.170989633
1715670828.797532 -13.935396041 6.477505538 -0.427429439 0.984612068 0.032065031 -0.003474963 -0.171752246
1715670828.931566 -14.065507846 6.547529291 -0.432251312 0.984358923 0.032077728 -0.004104212 -0.173181077
1715670828.998613 -14.139659271 6.585690746 -0.435421703 0.984237262 0.031678224 -0.004718729 -0.173928824
1715670829.132588 -14.277245661 6.653937605 -0.434618134 0.984090754 0.032936103 -0.005099247 -0.174512462
1715670829.199382 -14.359423649 6.688374291 -0.432535878 0.984057031 0.033815306 -0.005497044 -0.174522397
1715670829.333338 -14.510926283 6.745839149 -0.421646113 0.984010860 0.034393972 -0.004269117 -0.174703911
1715670829.400430 -14.600913539 6.773375706 -0.414530331 0.984028433 0.035534649 -0.002983369 -0.174403074
1715670829.534511 -14.770218931 6.827139540 -0.391439383 0.984317195 0.035205193 -0.000750596 -0.172857431
1715670829.601398 -14.856157734 6.855975111 -0.382339167 0.984533629 0.034154443 0.001193081 -0.171830100
1715670829.735396 -15.012180853 6.909806835 -0.370842137 0.985019142 0.031081743 0.003037438 -0.169593598
1715670829.802272 -15.103364761 6.949603148 -0.377877838 0.985212447 0.029304397 0.002685549 -0.168791215
1715670829.936205 -15.250611485 7.019486583 -0.382689570 0.985287355 0.026902463 0.002264767 -0.168760055
1715670830.003263 -15.336034570 7.060546719 -0.384899674 0.985270705 0.026612130 0.002183127 -0.168904311
1715670830.137282 -15.506363593 7.136736519 -0.397928028 0.985315590 0.023852860 0.001168674 -0.169064675
1715670830.204274 -15.538038400 7.150646987 -0.411770146 0.985438639 0.022606030 0.000679661 -0.168520605
1715670830.338287 -15.711648910 7.218963667 -0.432728566 0.985753414 0.020468307 -0.001260413 -0.166942107
1715670830.405154 -15.780652406 7.247124893 -0.449131786 0.985821608 0.018321430 -0.001788085 -0.166783949
1715670830.539083 -15.938360892 7.327861372 -0.452613882 0.985544060 0.018299832 -0.001936444 -0.168416959
1715670830.606200 -15.993641119 7.365541154 -0.453352426 0.985159245 0.019047612 -0.000979678 -0.170579868
1715670830.740168 -16.134704539 7.447412923 -0.438502594 0.984270512 0.020841874 0.001228903 -0.175429944
1715670830.807213 -16.220230648 7.487857432 -0.434974008 0.984021492 0.021913339 0.002519147 -0.176678134
1715670830.941162 -16.363595396 7.538481425 -0.423099156 0.984062786 0.021924418 0.005055896 -0.176392152
1715670831.008198 -16.445271060 7.562396658 -0.416639458 0.984281675 0.021684287 0.006403304 -0.175152432
1715670831.141928 -16.589319794 7.608660578 -0.413127807 0.984697208 0.020208250 0.008047190 -0.172911186
1715670831.209068 -16.668428933 7.642978570 -0.414779787 0.984748335 0.018339046 0.008430713 -0.172810066
1715670831.343084 -16.796257984 7.707972757 -0.417396213 0.984556391 0.016021590 0.010039808 -0.174043741
1715670831.410100 -16.871789681 7.750002703 -0.420830993 0.984372549 0.014494687 0.010000627 -0.175215799
1715670831.544079 -17.005028301 7.822471999 -0.429190709 0.984072482 0.011847393 0.009840498 -0.177099279
1715670831.611053 -17.080354874 7.861073570 -0.432736297 0.983980498 0.011272340 0.009758905 -0.177651562
1715670831.744962 -17.235210638 7.934586288 -0.448765802 0.983942598 0.010287256 0.007336366 -0.178037397
1715670831.811888 -17.311310161 7.973392406 -0.455779559 0.983851629 0.010353907 0.006354492 -0.178573203
1715670831.945990 -17.450578733 8.048549668 -0.458816674 0.983446539 0.011018610 0.005909534 -0.180766624
1715670832.012930 -17.519077612 8.087641430 -0.452211008 0.983105568 0.012824251 0.006150705 -0.182486026
1715670832.146930 -17.644194670 8.162763999 -0.436244859 0.982256842 0.017051423 0.007512466 -0.186612724
1715670832.213964 -17.711427603 8.197793432 -0.430331435 0.981848497 0.019140563 0.008281641 -0.188516794
1715670832.347878 -17.839785400 8.259096438 -0.418190258 0.981213604 0.024574276 0.008280337 -0.191173754
1715670832.414660 -17.910638271 8.290224559 -0.413568292 0.980960384 0.027361854 0.007638834 -0.192118978
1715670832.548905 -18.062422892 8.351510073 -0.409330485 0.980581525 0.032655865 0.006606859 -0.193261007
1715670832.615807 -18.142018061 8.383045714 -0.413348927 0.980461671 0.034440322 0.005289455 -0.193599581
1715670832.749866 -18.287326417 8.447312829 -0.428407115 0.980270804 0.036971365 0.002106640 -0.194159291
1715670832.816855 -18.369041800 8.485220259 -0.438120234 0.980196217 0.037633936 0.000985402 -0.194417315
1715670833.017579 -18.606501478 8.608270455 -0.466542719 0.980369355 0.033833553 -0.001381451 -0.194240342
1715670833.084714 -18.684103108 8.651622675 -0.472474549 0.980444874 0.031857243 -0.000806883 -0.194196585
1715670833.151764 -18.753556435 8.693229011 -0.474996895 0.980509755 0.029274341 -0.000076871 -0.194277191
1715670833.218795 -18.825295006 8.735690930 -0.475512126 0.980571723 0.026543797 0.001390959 -0.194351710
1715670833.352732 -18.971988546 8.813899724 -0.466025376 0.980665293 0.022404253 0.005269382 -0.194334416
1715670833.419770 -19.034467382 8.844278507 -0.459545483 0.980726709 0.021727068 0.006549171 -0.194062269
1715670833.553618 -19.205077847 8.915013774 -0.455286329 0.980789230 0.022550895 0.007101159 -0.193632430
1715670833.620447 -19.272182696 8.943427093 -0.455270208 0.980727115 0.024297523 0.006623022 -0.193752657
1715670833.754649 -19.383554691 8.993932896 -0.449183369 0.980298556 0.029355735 0.005562724 -0.195248659
1715670833.821617 -19.440435534 9.020290933 -0.444012659 0.980015185 0.032003469 0.004897577 -0.196270294
1715670833.955588 -19.563164213 9.075797550 -0.436986828 0.979585646 0.036064505 0.004269139 -0.197719721
1715670834.022615 -19.626110730 9.106817674 -0.432712531 0.979440246 0.037577648 0.004369494 -0.198155575
1715670834.156577 -19.767010519 9.169793011 -0.429802571 0.979409737 0.039200770 0.003892966 -0.198001798
1715670834.223352 -19.822797345 9.197613811 -0.430689508 0.979506079 0.039252625 0.003301949 -0.197525111
1715670834.357462 -19.981067639 9.265690967 -0.437140608 0.979825433 0.038637228 0.001850304 -0.196076162
1715670834.424470 -20.064212153 9.300932403 -0.441622151 0.980042024 0.037670749 0.001148310 -0.195185110
1715670834.558580 -20.212148839 9.359923038 -0.450400661 0.980574031 0.034653860 0.000504652 -0.193063267
1715670834.625463 -20.293552226 9.388083146 -0.452434017 0.980971699 0.032774151 0.001070049 -0.191361533
1715670834.759386 -20.453173966 9.444283023 -0.452987115 0.981841392 0.028983894 0.002858318 -0.187454647
1715670834.826385 -20.529288467 9.471776740 -0.455452977 0.982258042 0.026999801 0.003227188 -0.185552514
1715670834.960486 -20.677072691 9.535094217 -0.464438133 0.982614848 0.025541764 0.002526259 -0.183873048
1715670835.027354 -20.745182357 9.570755029 -0.468382706 0.982536349 0.025710745 0.001631079 -0.184278650
1715670835.161388 -20.880660395 9.642736573 -0.479778558 0.982089230 0.027574545 -0.000320841 -0.186387462
1715670835.228530 -20.948394207 9.674073104 -0.486200939 0.981909093 0.028745222 -0.001719581 -0.187150440
1715670835.362233 -21.083754965 9.729873173 -0.499545455 0.981931919 0.029331326 -0.004123047 -0.186902060
1715670835.496146 -21.248908340 9.781562053 -0.512269091 0.982407107 0.028729592 -0.005903861 -0.184434357
1715670835.563254 -21.337303754 9.807477737 -0.520482223 0.982753931 0.028119701 -0.006790884 -0.182641389
1715670835.697263 -21.485776421 9.843975822 -0.538252431 0.983605240 0.025545568 -0.009060561 -0.178286462
1715670835.764395 -21.573338054 9.867905413 -0.543607834 0.984070774 0.023413694 -0.008953514 -0.176000981
1715670835.831244 -21.639030298 9.881602775 -0.545684475 0.984578919 0.021226359 -0.007588686 -0.173482582
1715670835.965123 -21.805159409 9.920755832 -0.545347219 0.985649118 0.017804886 -0.005136322 -0.167786831
1715670836.032130 -21.880453032 9.937600368 -0.543884687 0.986086820 0.016586640 -0.004100274 -0.165350700
1715670836.166127 -22.027079095 9.978786336 -0.543108618 0.986671810 0.015692688 -0.002975714 -0.161937100
1715670836.233130 -22.097765374 10.002432309 -0.544530524 0.986799171 0.016015891 -0.003117630 -0.161124697
1715670836.367133 -22.236690817 10.048178891 -0.550287084 0.986849878 0.017590675 -0.003869597 -0.160632853
1715670836.434144 -22.310262631 10.071829926 -0.554256538 0.986798225 0.018649778 -0.004843748 -0.160804185
1715670836.567999 -22.430570902 10.111162056 -0.563809041 0.986760807 0.019498439 -0.006548212 -0.160872750
1715670836.701923 -22.582378945 10.155943223 -0.575038966 0.986849279 0.020553132 -0.008666839 -0.160096709
1715670836.769013 -22.667678493 10.181798778 -0.577728177 0.986962504 0.020246969 -0.009860499 -0.159367019
1715670836.836007 -22.742995754 10.202904893 -0.581152461 0.987122998 0.019938533 -0.010547615 -0.158364734
1715670836.970019 -22.889330473 10.241476330 -0.581745429 0.987519000 0.019773366 -0.010666479 -0.155889269
1715670837.037014 -22.966242686 10.263213124 -0.579660494 0.987698965 0.019741108 -0.010921145 -0.154731292
1715670837.171014 -23.116534908 10.304410601 -0.583457856 0.987964530 0.020336188 -0.010961057 -0.152945686
1715670837.237914 -23.168844092 10.323440176 -0.584295949 0.988035787 0.020617241 -0.011432866 -0.152412275
1715670837.371905 -23.322400252 10.371572985 -0.598047186 0.988088199 0.021913923 -0.013038145 -0.151761318
1715670837.438923 -23.397139000 10.399605257 -0.602815990 0.988140146 0.021978829 -0.013803066 -0.151345493
1715670837.572901 -23.553242622 10.443594776 -0.607480390 0.988314459 0.021948656 -0.013627846 -0.150223395
1715670837.639912 -23.618717581 10.462434203 -0.604610088 0.988530156 0.021667460 -0.012820423 -0.148910335
1715670837.773945 -23.765006956 10.498743686 -0.599557611 0.989017428 0.020377450 -0.010802180 -0.145988356
1715670837.840868 -23.834885073 10.518360064 -0.595902596 0.989261251 0.019225597 -0.010115928 -0.144534502
1715670837.974694 -23.972967954 10.562293510 -0.594206504 0.989567729 0.018259903 -0.008781397 -0.142636507
1715670838.041783 -24.052618776 10.592253851 -0.593737746 0.989627886 0.017932548 -0.008616527 -0.142270257
1715670838.175852 -24.191452723 10.644634012 -0.594894851 0.989689466 0.017600493 -0.007916476 -0.141923614
1715670838.242831 -24.252458276 10.670386572 -0.595190280 0.989729402 0.017713150 -0.007676336 -0.141644023
1715670838.376822 -24.400041896 10.719214885 -0.599296592 0.989828837 0.017485232 -0.007149472 -0.141003637
1715670838.443660 -24.463748744 10.741772128 -0.604129314 0.989882229 0.017835114 -0.007045063 -0.140589649
1715670838.577536 -24.618357794 10.788447334 -0.610496768 0.989979233 0.018199116 -0.006925142 -0.139864051
1715670838.644707 -24.694386631 10.812377608 -0.614367767 0.990047107 0.018009308 -0.006435348 -0.139430906
1715670838.778705 -24.848942159 10.856169326 -0.614438544 0.990158997 0.018688797 -0.005675182 -0.138577347
1715670838.845687 -24.923882720 10.877268432 -0.616770091 0.990229862 0.018925177 -0.005275376 -0.138053716
1715670838.979669 -25.075510398 10.920287028 -0.620881051 0.990362153 0.018868216 -0.005460418 -0.137102083
1715670839.046588 -25.140706466 10.939792014 -0.624543085 0.990423766 0.018952784 -0.005673176 -0.136635902
1715670839.180439 -25.294122943 10.986996082 -0.629129270 0.990537938 0.018822094 -0.005960492 -0.135811613
1715670839.247591 -25.370554330 11.010019608 -0.631884897 0.990583455 0.018703842 -0.006214820 -0.135484174
1715670839.381568 -25.539875480 11.063027952 -0.643462381 0.990715087 0.017708101 -0.007010538 -0.134613865
1715670839.448586 -25.621055350 11.089604262 -0.651053841 0.990779929 0.017237140 -0.007572864 -0.134166558
1715670839.582558 -25.766564087 11.141654753 -0.669794970 0.990825307 0.016730253 -0.008651125 -0.133829997
1715670839.649419 -25.842438086 11.171410636 -0.678896119 0.990768692 0.017046836 -0.009446205 -0.134155039
1715670839.783353 -25.991726299 11.231048665 -0.695835575 0.990578813 0.018243026 -0.010572945 -0.135310828
1715670839.850451 -26.068631601 11.259553785 -0.698587436 0.990483480 0.018995299 -0.010964693 -0.135872842
1715670839.984450 -26.239794050 11.316214664 -0.701043775 0.990414288 0.020058220 -0.010648837 -0.136249063
1715670840.051432 -26.317108292 11.340718955 -0.702609111 0.990377257 0.020853422 -0.010691592 -0.136395428
1715670840.185534 -26.478281840 11.395682886 -0.701504374 0.990290706 0.021589769 -0.009795093 -0.136975382
1715670840.252448 -26.551887179 11.423985194 -0.699253371 0.990220780 0.021759329 -0.009157426 -0.137497200
1715670840.453346 -26.768198921 11.511572994 -0.701444378 0.990033138 0.021181023 -0.008618117 -0.138965742
1715670840.520315 -26.838777799 11.543256474 -0.702440920 0.989956599 0.020762436 -0.008531450 -0.139578181
1715670840.587322 -26.915308444 11.578950332 -0.703163488 0.989863398 0.020251592 -0.008349632 -0.140323237
1715670840.654339 -26.986219948 11.611602081 -0.704624271 0.989739864 0.020169757 -0.008592581 -0.141189056
1715670840.788440 -27.130914397 11.681652964 -0.710713835 0.989407677 0.019674018 -0.009150576 -0.143532743
1715670840.855384 -27.202085566 11.719706495 -0.713341982 0.989245153 0.019590069 -0.009168059 -0.144658918
1715670840.989304 -27.348740166 11.792674184 -0.719338357 0.988865857 0.019668850 -0.010276247 -0.147145679
1715670841.056180 -27.413191377 11.829222082 -0.721551077 0.988630791 0.019794702 -0.010328028 -0.148696538
1715670841.190208 -27.562143820 11.904427182 -0.722923561 0.988161578 0.019930790 -0.010404413 -0.151760363
1715670841.257206 -27.608364541 11.933142325 -0.722265614 0.987949040 0.020281111 -0.010509107 -0.153084712
1715670841.391269 -27.750376798 12.001734278 -0.723224491 0.987636814 0.020185682 -0.010412263 -0.155105273
1715670841.458292 -27.824940000 12.035929338 -0.721155841 0.987526392 0.020051422 -0.009903820 -0.155857243
1715670841.592085 -27.969010206 12.105570805 -0.714837793 0.987237953 0.019741467 -0.008509025 -0.157794473
1715670841.659009 -28.038124059 12.141527356 -0.713817439 0.987057925 0.019717183 -0.008050648 -0.158943615
1715670841.793118 -28.176451692 12.211642401 -0.711734439 0.986691081 0.019601183 -0.007130062 -0.161262726
1715670841.860128 -28.246481152 12.245708642 -0.709624313 0.986505366 0.020170608 -0.006476538 -0.162352590
1715670841.994126 -28.384447616 12.310107534 -0.703584798 0.986189473 0.021943117 -0.005363623 -0.164073318
1715670842.061095 -28.454578637 12.342815860 -0.698606728 0.986060199 0.022048493 -0.004432840 -0.164862058
1715670842.194973 -28.616719108 12.418712042 -0.692953547 0.985782697 0.022690418 -0.003572686 -0.166447754
1715670842.261849 -28.690989529 12.453763547 -0.691214509 0.985663685 0.022632433 -0.003035064 -0.167169559
1715670842.462956 -28.931457180 12.568858192 -0.683639784 0.985378237 0.020723613 -0.001242112 -0.169111556
1715670842.529974 -29.006249352 12.606398598 -0.679600747 0.985251265 0.020161567 -0.000096659 -0.169921884
1715670842.596999 -29.083706245 12.644226160 -0.674173992 0.985100907 0.019369632 0.001448730 -0.170876918
1715670842.663999 -29.158669824 12.681634826 -0.668627953 0.985010641 0.017989811 0.002904825 -0.171528323
1715670842.797889 -29.314576639 12.755312538 -0.656948347 0.984817164 0.015320119 0.005819086 -0.172819519
1715670842.864775 -29.387809470 12.789777298 -0.648588729 0.984764133 0.013923826 0.007753818 -0.173163530
1715670842.998888 -29.565420452 12.866559118 -0.642970534 0.984621334 0.012892210 0.008680164 -0.174009411
1715670843.065864 -29.644652838 12.903631634 -0.642185525 0.984533760 0.012107568 0.008878532 -0.174550435
1715670843.199904 -29.793029247 12.973905867 -0.641738925 0.984265672 0.011177204 0.009376785 -0.176091550
1715670843.266927 -29.874063357 13.013388231 -0.641915118 0.984096400 0.010928935 0.009363808 -0.177051272
1715670843.400788 -30.049195686 13.091582957 -0.644558343 0.983866306 0.010145499 0.008799119 -0.178400493
1715670843.467611 -30.131992297 13.128447661 -0.643461008 0.983865112 0.009110367 0.008875619 -0.178459142
1715670843.601755 -30.306329336 13.197064212 -0.642368381 0.983860486 0.007741299 0.009898142 -0.178495497
1715670843.668764 -30.391756090 13.230345298 -0.643153358 0.983891333 0.007061254 0.010055204 -0.178344823
1715670843.802759 -30.548626532 13.291658963 -0.650432126 0.983909419 0.005763167 0.009992952 -0.178295211
1715670843.869750 -30.632480663 13.326966657 -0.654074723 0.983770991 0.006241470 0.009884711 -0.179047407
1715670844.003630 -30.792057079 13.388474584 -0.665948075 0.983632512 0.006777657 0.009203559 -0.179823357
1715670844.070647 -30.876751374 13.420544957 -0.670749178 0.983545682 0.008692059 0.008578113 -0.180246376
1715670844.204692 -31.070511832 13.487220544 -0.682057786 0.983464783 0.011639930 0.006931501 -0.180592044
1715670844.271670 -31.154528227 13.518129911 -0.686964759 0.983430226 0.012861123 0.006370797 -0.180718000
1715670844.405634 -31.317371982 13.584048874 -0.694141844 0.983339481 0.012888352 0.005579019 -0.181235291
1715670844.472646 -31.367881531 13.607821799 -0.695807713 0.983388611 0.011473227 0.004912245 -0.181083059
1715670844.606509 -31.522783165 13.678957854 -0.693534604 0.983469531 0.009669110 0.006054881 -0.180713943
1715670844.673556 -31.600004225 13.714757764 -0.688735603 0.983503072 0.008105387 0.007081562 -0.180570930
1715670844.807546 -31.736188069 13.781049691 -0.683989970 0.983526287 0.005201107 0.008073391 -0.180509866
1715670844.874638 -31.811257028 13.817573059 -0.682932533 0.983515221 0.003707002 0.008650839 -0.180580261
1715670845.008595 -31.972438364 13.891535813 -0.684592242 0.983545189 0.000397994 0.008339493 -0.180469265
1715670845.075622 -32.054499346 13.927529720 -0.686635736 0.983593157 -0.001231042 0.007956858 -0.180221182
1715670845.209419 -32.224672934 14.005140414 -0.685666232 0.983684880 -0.003056957 0.007781287 -0.179705767
1715670845.276527 -32.307293308 14.042015899 -0.684732847 0.983630875 -0.003541241 0.007497861 -0.180004287
1715670845.410419 -32.465468260 14.114744083 -0.687916550 0.983590325 -0.004638585 0.005843850 -0.180262047
1715670845.544398 -32.628172353 14.188926818 -0.691864759 0.983535842 -0.004436133 0.004583164 -0.180600564
1715670845.611431 -32.728278909 14.231958879 -0.694439448 0.983501233 -0.004610744 0.004400700 -0.180789104
1715670845.678451 -32.812967486 14.271082823 -0.692504449 0.983465085 -0.004604259 0.004726392 -0.180977592
1715670845.812321 -32.985550554 14.350657356 -0.687194629 0.983403323 -0.005726658 0.005174809 -0.181268672
1715670845.879395 -33.065199267 14.390053234 -0.683699469 0.983371996 -0.005778022 0.005332135 -0.181432358
1715670846.013312 -33.196713207 14.452369528 -0.672072366 0.983406526 -0.007140710 0.005966045 -0.181176769
1715670846.080294 -33.278288356 14.491204350 -0.667253968 0.983317341 -0.006028152 0.006590887 -0.181678913
1715670846.214417 -33.425591167 14.557782936 -0.664087436 0.983223310 -0.004514105 0.007692249 -0.182187745
1715670846.281374 -33.501097992 14.597108572 -0.660519320 0.983095124 -0.003826041 0.008227525 -0.182870575
1715670846.415322 -33.658292525 14.683966739 -0.662753200 0.982616972 -0.001280371 0.007232641 -0.185499152
1715670846.549145 -33.810387878 14.772773979 -0.664193415 0.981953740 0.001148679 0.007975269 -0.188949538
1715670846.616198 -33.872907888 14.816857127 -0.656973924 0.981586097 0.001981884 0.008604082 -0.190816077
1715670846.683167 -33.945376729 14.865585095 -0.648210362 0.981216386 0.003119966 0.009332943 -0.192659194
1715670846.884260 -34.193828445 15.010247747 -0.632125992 0.980257597 0.004996702 0.012243873 -0.197281940
1715670846.951190 -34.289448389 15.064959590 -0.627477142 0.980065583 0.004830596 0.013959508 -0.198124330
1715670847.018205 -34.381225105 15.115648880 -0.622124288 0.979989739 0.003450726 0.015747289 -0.198394121
1715670847.085104 -34.454053206 15.156909631 -0.619772274 0.979976613 0.001568259 0.016988705 -0.198380347
1715670847.218931 -34.596880703 15.234944363 -0.611688838 0.980042232 -0.002180466 0.017957034 -0.197964677
